== dark-photo merge: ms from each app's event onset | native: left outer edge, left box cx, count, neck | flutter: same
   0.0 |   80.33  121.00 2       |   80.33  121.00 2      
  16.7 |   81.91  122.58 2       |  111.50  152.04 2      
  33.3 |   84.33  125.00 2       |   93.83  134.46 2      
  50.0 |   87.50  128.17 2       |   85.58  126.25 2      
  66.7 |   90.51  131.11 2       |   86.75  127.42 2      
  83.3 |   93.67  134.17 2       |   88.83  129.50 2      
 100.0 |   96.81  137.41 2       |   91.67  132.33 2      
 116.7 |   99.33  140.00 2       |   94.33  135.00 2      
 133.3 |  101.83  142.58 2       |   97.00  137.67 2      
 150.0 |  104.17  145.17 2       |   99.50  140.17 2      
 166.7 |  106.33  147.50 2       |  101.96  142.72 2      
 183.3 |  108.33  149.70 2       |  104.09  145.11 2      
 200.0 |  110.00  151.70 2       |  106.11  147.56 2      
 216.7 |  111.39  153.59 1  10.7 |  107.80  150.27 2      
 233.3 |  112.55  155.98 1  22.3 |  109.24  153.51 2      
 250.0 |  113.60  157.47 1  28.7 |  110.67  155.83 1  10.0
 266.7 |  114.54  157.94 1  32.0 |  111.83  156.58 1  21.0
 283.3 |  115.33  158.33 1  35.7 |  113.00  157.17 1  28.7
 300.0 |  116.00  158.67 1  39.0 |  114.00  157.67 1  32.7
 316.7 |  116.70  159.02 1  41.3 |  114.70  158.02 1  36.7
 333.3 |  117.40  159.37 1  43.0 |  115.40  158.37 1  39.3
 350.0 |  117.87  159.60 1  45.0 |  116.07  158.70 1  40.7
 366.7 |  118.18  159.76 1  46.0 |  116.70  159.01 1  43.3
 383.3 |  118.50  159.92 1  47.3 |  117.37  159.35 1  44.7
 400.0 |  118.83  160.08 1  48.3 |  117.67  159.50 1  45.0
 416.7 |  119.00  160.17 1  49.0 |  118.04  159.69 1  46.7
 433.3 |  119.00  160.17 1  49.7 |  118.33  159.83 1  46.7
 450.0 |  119.15  160.24 1  50.3 |  118.50  159.92 1  48.3
 466.7 |  119.48  160.41 1  50.3 |  118.83  160.08 1  48.3
 483.3 |  119.67  160.50 1  51.0 |  119.00  160.17 1  49.3
 500.0 |  119.67  160.50 1  51.0 |  119.17  160.25 1  49.7
 516.7 |  119.67  160.50 1  51.3 |  119.33  160.33 1  49.7
 533.3 |  119.67  160.50 1  51.7 |  119.52  160.42 1  50.0
 550.0 |  119.79  160.56 1  52.0 |  119.67  160.50 1  50.3
 566.7 |  120.00  160.67 1  52.0 |  119.67  160.50 1  51.0
 583.3 |  120.00  160.67 1  52.0 |  119.67  160.50 1  51.0
== dark-photo split: ms from each app's event onset | native: left outer edge, left box cx, count, neck | flutter: same
   0.0 |  119.67  160.50 1  51.0 |  120.33  160.83 1  51.7
  16.7 |  116.33  158.83 1  45.3 |  100.00  150.67 2      
  33.3 |  113.33  156.00 1  36.3 |  118.67  160.00 1  50.3
  50.0 |  109.81  151.43 1  19.0 |  116.67  159.00 1  46.0
  66.7 |  106.70  147.86 2       |  114.18  157.76 1  40.7
  83.3 |  103.97  144.99 2       |  111.55  156.08 1  31.3
 100.0 |  101.30  142.06 2       |  109.00  152.50 1  14.0
 116.7 |   98.83  139.42 2       |  106.19  147.80 2      
 133.3 |   96.50  137.08 2       |  103.40  144.37 2      
 150.0 |   94.22  134.89 2       |  100.73  141.57 2      
 166.7 |   92.42  133.09 2       |   98.58  139.32 2      
 183.3 |   90.83  131.50 2       |   96.67  137.33 2      
 200.0 |   89.49  130.15 2       |   94.56  135.22 2      
 216.7 |   88.37  129.04 2       |   92.67  133.33 2      
 233.3 |   87.11  127.78 2       |   91.00  131.77 2      
 250.0 |   86.30  126.97 2       |   89.53  130.37 2      
 266.7 |   85.49  126.15 2       |   88.40  129.13 2      
 283.3 |   84.67  125.33 2       |   87.45  128.12 2      
 300.0 |   83.83  124.50 2       |   86.50  127.17 2      
 316.7 |   83.37  124.04 2       |   85.67  126.33 2      
 333.3 |   82.83  123.50 2       |   84.83  125.58 2      
 350.0 |   82.50  123.17 2       |   84.17  124.92 2      
 366.7 |   82.18  122.85 2       |   83.67  124.42 2      
 383.3 |   81.87  122.53 2       |   83.17  123.92 2      
 400.0 |   81.67  122.33 2       |   82.83  123.50 2      
 416.7 |   81.52  122.19 2       |   82.48  123.15 2      
 433.3 |   81.33  121.92 2       |   82.15  122.82 2      
 450.0 |   81.15  121.74 2       |   81.83  122.58 2      
 466.7 |   81.00  121.67 2       |   81.67  122.41 2      
 483.3 |   81.00  121.67 2       |   81.49  122.15 2      
 500.0 |   80.80  121.47 2       |   81.17  121.92 2      
 516.7 |   80.67  121.33 2       |   81.00  121.83 2      
 533.3 |   80.67  121.33 2       |   81.00  121.75 2      
 550.0 |   80.67  121.33 2       |   81.00  121.67 2      
 566.7 |   80.67  121.33 2       |   80.87  121.60 2      
 583.3 |   80.67  121.33 2       |   80.67  121.45 2      
== dark-stripes merge: ms from each app's event onset | native: left outer edge, left box cx, count, neck | flutter: same
   0.0 |   80.00  121.00 2       |   80.00  121.17 2      
  16.7 |   81.67  122.58 2       |   81.50  122.50 2      
  33.3 |   84.15  124.98 2       |   83.50  124.42 2      
  50.0 |   87.13  127.97 2       |   85.83  126.75 2      
  66.7 |   90.13  130.97 2       |   88.36  129.36 2      
  83.3 |   93.13  134.07 2       |   91.19  132.19 2      
 100.0 |   95.97  136.88 2       |   94.15  135.24 2      
 116.7 |   98.67  139.50 2       |   96.79  137.96 2      
 133.3 |  101.67  142.60 2       |   99.30  140.37 2      
 150.0 |  104.53  145.77 2       |  101.61  142.70 2      
 166.7 |  106.50  148.22 2       |  103.67  145.00 2      
 183.3 |  108.26  150.81 2       |  105.67  147.50 2      
 200.0 |  109.83  153.75 2       |  107.59  150.41 2      
 216.7 |  111.33  155.83 1   9.3 |  109.13  153.67 2      
 233.3 |  112.67  156.50 1  20.7 |  110.39  155.36 1  10.7
 250.0 |  113.70  157.02 1  27.3 |  111.67  156.00 1  21.7
 266.7 |  114.39  157.36 1  30.7 |  112.89  156.61 1  28.7
 283.3 |  115.17  157.75 1  34.0 |  113.93  157.13 1  32.7
 300.0 |  116.08  158.21 1  36.7 |  114.70  157.51 1  36.7
 316.7 |  116.51  158.42 1  38.7 |  115.33  157.83 1  39.3
 333.3 |  117.05  158.69 1  40.7 |  116.00  158.17 1  40.7
 350.0 |  117.53  158.93 1  42.0 |  116.67  158.50 1  43.3
 366.7 |  117.83  159.08 1  43.3 |  117.17  158.75 1  44.7
 383.3 |  118.21  159.27 1  44.0 |  117.52  158.93 1  44.7
 400.0 |  118.51  159.42 1  44.7 |  117.85  159.09 1  46.7
 416.7 |  118.86  159.59 1  45.3 |  118.17  159.25 1  46.7
 433.3 |  119.00  159.67 1  46.0 |  118.50  159.42 1  48.3
 450.0 |  119.18  159.76 1  46.7 |  118.67  159.50 1  48.0
 466.7 |  119.33  159.83 1  47.3 |  118.85  159.59 1  49.3
 483.3 |  119.33  159.83 1  47.3 |  119.00  159.67 1  50.0
 500.0 |  119.52  159.92 1  47.3 |  119.15  159.74 1  49.3
 516.7 |  119.67  160.00 1  48.0 |  119.33  159.83 1  49.7
 533.3 |  119.67  160.00 1  48.0 |  119.33  159.83 1  50.0
 550.0 |  119.67  160.00 1  48.0 |  119.52  159.93 1  51.0
 566.7 |  119.90  160.12 1  48.0 |  119.67  160.00 1  51.3
 583.3 |  120.00  160.17 1  48.0 |  119.67  160.00 1  51.3
== dark-stripes split: ms from each app's event onset | native: left outer edge, left box cx, count, neck | flutter: same
   0.0 |  119.33  159.83 1  47.7 |  120.00  160.17 1  51.3
  16.7 |  116.18  158.26 1  42.7 |   99.67  150.00 1  71.0
  33.3 |  113.20  156.77 1  34.7 |  118.50  159.42 1  50.0
  50.0 |  110.00  153.39 1  22.0 |  116.67  158.50 1  46.0
  66.7 |  107.09  149.14 2       |  114.33  157.33 1  40.7
  83.3 |  104.20  145.40 2       |  111.64  155.99 1  31.3
 100.0 |  101.40  142.30 2       |  108.81  152.80 1  14.3
 116.7 |   98.88  139.80 2       |  106.00  148.00 2      
 133.3 |   96.21  137.21 2       |  103.45  144.80 2      
 150.0 |   93.70  134.70 2       |  100.96  142.06 2      
 166.7 |   91.83  132.72 2       |   98.50  139.50 2      
 183.3 |   90.17  131.12 2       |   96.42  137.42 2      
 200.0 |   88.73  129.73 2       |   94.45  135.52 2      
 216.7 |   88.33  129.33 2       |   92.50  133.58 2      
 233.3 |   87.49  128.49 2       |   91.06  132.06 2      
 250.0 |   86.60  127.60 2       |   89.67  130.67 2      
 266.7 |   85.79  126.79 2       |   88.33  129.33 2      
 283.3 |   85.00  125.92 2       |   87.17  128.17 2      
 300.0 |   84.30  125.13 2       |   86.17  127.17 2      
 316.7 |   83.67  124.58 2       |   85.37  126.37 2      
 333.3 |   83.20  124.13 2       |   84.70  125.70 2      
 350.0 |   82.73  123.63 2       |   84.00  125.00 2      
 366.7 |   82.19  123.19 2       |   83.38  124.38 2      
 383.3 |   81.85  122.85 2       |   82.90  123.95 2      
 400.0 |   81.67  122.59 2       |   82.48  123.56 2      
 416.7 |   81.50  122.33 2       |   82.15  123.24 2      
 433.3 |   81.15  122.07 2       |   81.85  122.94 2      
 450.0 |   81.00  121.91 2       |   81.52  122.59 2      
 466.7 |   80.83  121.75 2       |   81.33  122.42 2      
 483.3 |   80.67  121.67 2       |   81.17  122.17 2      
 500.0 |   80.67  121.58 2       |   81.00  122.00 2      
 516.7 |   80.67  121.50 2       |   80.83  121.92 2      
 533.3 |   80.50  121.42 2       |   80.67  121.83 2      
 550.0 |   80.33  121.33 2       |   80.67  121.75 2      
 566.7 |   80.33  121.33 2       |   80.53  121.53 2      
 583.3 |   80.33  121.33 2       |   80.33  121.33 2      
== light-photo merge: ms from each app's event onset | native: left outer edge, left box cx, count, neck | flutter: same
   0.0 |   80.33  121.00 2       |   80.67  121.17 2      
  16.7 |   82.06  122.73 2       |   93.33  133.83 2      
  33.3 |   84.52  125.19 2       |   97.07  137.57 2      
  50.0 |   87.50  128.17 2       |   99.60  140.03 2      
  66.7 |   90.67  131.25 2       |  101.80  142.27 2      
  83.3 |   93.83  134.33 2       |  103.80  144.63 2      
 100.0 |   96.83  137.33 2       |  105.80  147.05 2      
 116.7 |   99.50  140.08 2       |  107.67  149.57 2      
 133.3 |  101.83  142.58 2       |  109.33  152.83 2      
 150.0 |  104.17  145.17 2       |  110.87  155.80 1   9.0
 166.7 |  106.33  147.83 2       |  112.07  156.70 1  21.7
 183.3 |  108.17  150.42 2       |  113.03  157.18 1  28.3
 200.0 |  109.83  153.83 2       |  114.00  157.67 1  33.0
 216.7 |  111.33  156.33 1  16.7 |  114.93  158.13 1  36.3
 233.3 |  112.50  156.92 1  25.7 |  115.60  158.47 1  39.0
 250.0 |  113.50  157.42 1  31.3 |  116.27  158.80 1  41.0
 266.7 |  114.50  157.92 1  34.7 |  116.79  159.06 1  43.0
 283.3 |  115.33  158.33 1  38.3 |  117.22  159.28 1  44.3
 300.0 |  116.00  158.67 1  40.7 |  117.80  159.57 1  45.3
 316.7 |  116.67  159.00 1  42.7 |  118.13  159.73 1  46.3
 333.3 |  117.33  159.33 1  44.3 |  118.47  159.90 1  47.3
 350.0 |  117.83  159.58 1  45.3 |  118.80  160.07 1  48.0
 366.7 |  118.17  159.75 1  46.7 |  119.00  160.17 1  48.3
 383.3 |  118.50  159.92 1  47.3 |  119.11  160.22 1  49.3
 400.0 |  118.83  160.08 1  48.0 |  119.45  160.39 1  49.7
 416.7 |  119.00  160.17 1  48.3 |  119.67  160.50 1  49.7
 433.3 |  119.17  160.25 1  49.0 |  119.67  160.50 1  50.3
 450.0 |  119.33  160.33 1  49.7 |  119.67  160.50 1  50.7
 466.7 |  119.50  160.42 1  49.7 |  119.67  160.50 1  50.7
 483.3 |  119.67  160.50 1  49.7 |  119.80  160.57 1  51.0
 500.0 |  119.67  160.50 1  50.3 |  120.00  160.67 1  51.0
 516.7 |  119.67  160.50 1  50.3 |  120.00  160.67 1  51.0
 533.3 |  119.67  160.50 1  50.3 |  120.12  160.73 1  51.0
 550.0 |  119.82  160.58 1  51.0 |  120.33  160.83 1  51.3
 566.7 |  120.00  160.67 1  51.0 |  120.33  160.83 1  51.3
 583.3 |  120.00  160.67 1  51.0 |  120.33  160.83 1  51.3
== light-photo split: ms from each app's event onset | native: left outer edge, left box cx, count, neck | flutter: same
   0.0 |  120.33  160.83 1  51.7 |  120.33  160.83 1  51.7
  16.7 |  118.55  159.94 1  50.3 |  102.33  151.83 1  51.3
  33.3 |  116.07  158.70 1  46.0 |  118.67  160.00 1  50.7
  50.0 |  113.00  157.17 1  38.7 |  116.60  158.97 1  46.3
  66.7 |  109.67  153.10 1  22.7 |  114.07  157.70 1  40.3
  83.3 |  106.53  148.23 2       |  111.40  156.37 1  31.0
 100.0 |  103.33  144.28 2       |  108.73  152.03 1  14.0
 116.7 |  100.70  141.42 2       |  106.07  147.40 2      
 133.3 |   98.37  138.92 2       |  103.40  144.20 2      
 150.0 |   96.03  136.65 2       |  100.93  141.50 2      
 166.7 |   94.06  134.62 2       |   98.91  139.41 2      
 183.3 |   92.53  132.93 2       |   96.89  137.30 2      
 200.0 |   90.80  131.33 2       |   94.80  135.23 2      
 216.7 |   89.20  129.87 2       |   93.09  133.50 2      
 233.3 |   87.87  128.53 2       |   91.59  131.93 2      
 250.0 |   86.93  127.60 2       |   90.20  130.53 2      
 266.7 |   86.07  126.73 2       |   88.87  129.20 2      
 283.3 |   85.27  125.93 2       |   87.73  128.17 2      
 300.0 |   84.40  125.07 2       |   86.73  127.13 2      
 316.7 |   83.80  124.47 2       |   85.93  126.27 2      
 333.3 |   83.27  123.93 2       |   85.27  125.60 2      
 350.0 |   82.80  123.47 2       |   84.60  124.93 2      
 366.7 |   82.47  123.13 2       |   84.13  124.37 2      
 383.3 |   82.13  122.80 2       |   83.60  123.97 2      
 400.0 |   81.80  122.47 2       |   83.26  123.73 2      
 416.7 |   81.67  122.33 2       |   83.14  123.55 2      
 433.3 |   81.47  122.13 2       |   83.02  123.37 2      
 450.0 |   81.33  121.90 2       |   82.15  122.57 2      
 466.7 |   81.13  121.73 2       |   82.00  122.45 2      
 483.3 |   81.00  121.67 2       |   82.00  122.37 2      
 500.0 |   81.00  121.67 2       |   81.80  122.13 2      
 516.7 |   81.00  121.57 2       |   81.47  121.90 2      
 533.3 |   80.80  121.40 2       |   81.33  121.83 2      
 550.0 |   80.67  121.33 2       |   81.33  121.74 2      
 566.7 |   80.67  121.33 2       |   81.33  121.57 2      
 583.3 |   80.67  121.33 2       |   81.13  121.40 2      
== light-stripes merge: ms from each app's event onset | native: left outer edge, left box cx, count, neck | flutter: same
   0.0 |   80.00  121.00 2       |   80.33  121.17 2      
  16.7 |   81.67  122.58 2       |  100.50  141.00 2      
  33.3 |   84.00  124.83 2       |   81.50  122.42 2      
  50.0 |   86.83  127.67 2       |   83.50  124.33 2      
  66.7 |   89.83  130.67 2       |   86.00  126.83 2      
  83.3 |   92.83  133.67 2       |   88.67  129.50 2      
 100.0 |   95.70  136.53 2       |   91.36  132.20 2      
 116.7 |   98.67  139.50 2       |   94.07  134.90 2      
 133.3 |  101.60  142.50 2       |   96.85  137.69 2      
 150.0 |  103.93  145.07 2       |   99.50  140.33 2      
 166.7 |  106.13  147.73 2       |  101.73  142.64 2      
 183.3 |  108.00  150.60 2       |  103.89  145.04 2      
 200.0 |  109.67  153.70 2       |  105.83  147.50 2      
 216.7 |  111.15  155.74 1  16.7 |  107.50  150.00 2      
 233.3 |  112.33  156.33 1  25.3 |  109.17  153.25 2      
 250.0 |  113.40  156.87 1  31.3 |  110.67  155.50 1  10.0
 266.7 |  114.27  157.30 1  34.7 |  111.83  156.08 1  21.7
 283.3 |  115.07  157.70 1  38.0 |  113.00  156.67 1  28.7
 300.0 |  115.93  158.13 1  40.3 |  114.00  157.17 1  33.0
 316.7 |  116.60  158.47 1  42.3 |  114.83  157.58 1  36.7
 333.3 |  117.12  158.73 1  44.0 |  115.67  158.00 1  38.7
 350.0 |  117.44  158.89 1  45.3 |  116.17  158.25 1  41.0
 366.7 |  117.93  159.13 1  46.3 |  116.67  158.50 1  43.0
 383.3 |  118.47  159.40 1  47.3 |  117.33  158.83 1  44.3
 400.0 |  118.67  159.50 1  48.0 |  117.67  159.00 1  45.3
 416.7 |  118.78  159.56 1  48.7 |  118.00  159.17 1  46.0
 433.3 |  119.00  159.67 1  49.3 |  118.33  159.33 1  46.7
 450.0 |  119.11  159.72 1  49.7 |  118.50  159.42 1  48.0
 466.7 |  119.33  159.83 1  49.3 |  118.83  159.58 1  48.0
 483.3 |  119.45  159.89 1  50.3 |  119.00  159.67 1  48.7
 500.0 |  119.67  160.00 1  50.0 |  119.17  159.75 1  48.7
 516.7 |  119.67  160.00 1  50.0 |  119.33  159.83 1  49.3
 533.3 |  119.67  160.00 1  50.0 |  119.50  159.92 1  49.3
 550.0 |  119.80  160.07 1  51.0 |  119.67  160.00 1  50.3
 566.7 |  120.00  160.17 1  51.0 |  119.67  160.00 1  50.0
 583.3 |  120.00  160.17 1  51.3 |  119.67  160.00 1  50.0
== light-stripes split: ms from each app's event onset | native: left outer edge, left box cx, count, neck | flutter: same
   0.0 |  120.00  160.17 1  51.3 |  120.33  160.33 1  51.3
  16.7 |  118.41  159.37 1  50.7 |  100.00  150.17 1  52.0
  33.3 |  116.07  158.20 1  46.0 |  118.91  159.62 1  50.7
  50.0 |  113.20  156.77 1  38.7 |  116.96  158.65 1  46.0
  66.7 |  110.20  153.97 1  26.7 |  114.45  157.39 1  40.7
  83.3 |  107.20  149.50 2       |  111.82  156.07 1  31.3
 100.0 |  104.20  145.40 2       |  109.12  152.83 1  13.7
 116.7 |  101.40  142.30 2       |  106.58  148.44 2      
 133.3 |   98.53  139.37 2       |  103.79  144.94 2      
 150.0 |   95.78  136.61 2       |  101.00  141.83 2      
 166.7 |   93.73  134.56 2       |   98.67  139.50 2      
 183.3 |   92.00  132.83 2       |   96.50  137.33 2      
 200.0 |   90.42  131.26 2       |   94.50  135.33 2      
 216.7 |   89.00  129.83 2       |   92.83  133.67 2      
 233.3 |   87.83  128.67 2       |   91.17  132.00 2      
 250.0 |   86.78  127.61 2       |   89.67  130.50 2      
 266.7 |   85.73  126.67 2       |   88.50  129.33 2      
 283.3 |   84.97  125.88 2       |   87.50  128.33 2      
 300.0 |   84.30  125.13 2       |   86.55  127.38 2      
 316.7 |   83.64  124.47 2       |   85.56  126.46 2      
 333.3 |   83.15  123.98 2       |   84.67  125.67 2      
 350.0 |   82.78  123.61 2       |   84.00  125.00 2      
 366.7 |   82.24  123.18 2       |   83.51  124.44 2      
 383.3 |   81.80  122.80 2       |   83.19  124.02 2      
 400.0 |   81.67  122.58 2       |   82.67  123.58 2      
 416.7 |   81.48  122.31 2       |   82.17  123.17 2      
 433.3 |   81.15  122.08 2       |   81.83  122.83 2      
 450.0 |   81.00  121.92 2       |   81.67  122.58 2      
 466.7 |   81.00  121.83 2       |   81.50  122.33 2      
 483.3 |   80.83  121.67 2       |   81.33  122.17 2      
 500.0 |   80.67  121.50 2       |   81.17  122.00 2      
 516.7 |   80.67  121.50 2       |   81.00  121.83 2      
 533.3 |   80.67  121.50 2       |   81.00  121.83 2      
 550.0 |   80.50  121.42 2       |   80.83  121.67 2      
 566.7 |   80.33  121.25 2       |   80.67  121.50 2      
 583.3 |   80.33  121.17 2       |   80.67  121.50 2      
== dark-photo-reduce-motion merge: ms from each app's event onset | native: left outer edge, left box cx, count, neck | flutter: same
   0.0 |   80.33  121.00 2       |   80.33  121.00 2      
  16.7 |   81.91  122.58 2       |  100.67  141.25 2      
  33.3 |   84.07  124.67 2       |   81.67  122.42 2      
  50.0 |   86.85  127.43 2       |   83.67  124.42 2      
  66.7 |   90.00  130.67 2       |   86.17  126.83 2      
  83.3 |   93.17  133.83 2       |   88.83  129.50 2      
 100.0 |   96.33  137.00 2       |   91.67  132.33 2      
 116.7 |   99.27  139.93 2       |   94.33  135.00 2      
 133.3 |  101.61  142.27 2       |   97.00  137.67 2      
 150.0 |  104.00  144.92 2       |   99.50  140.17 2      
 166.7 |  106.10  147.27 2       |  101.83  142.58 2      
 183.3 |  107.89  149.17 2       |  104.00  145.00 2      
 200.0 |  110.00  151.70 2       |  106.00  147.42 2      
 216.7 |  111.47  153.90 1  10.7 |  107.74  150.15 2      
 233.3 |  112.55  156.11 1  22.3 |  109.33  153.73 2      
 250.0 |  113.42  157.38 1  28.7 |  110.73  155.88 1  10.0
 266.7 |  114.38  157.85 1  32.3 |  111.83  156.58 1  21.0
 283.3 |  115.33  158.33 1  35.7 |  113.00  157.17 1  28.7
 300.0 |  116.00  158.67 1  38.3 |  114.00  157.67 1  32.7
 316.7 |  116.70  159.02 1  41.0 |  114.67  158.00 1  36.7
 333.3 |  117.18  159.26 1  42.7 |  115.33  158.33 1  39.3
 350.0 |  117.48  159.41 1  44.7 |  116.00  158.67 1  40.7
 366.7 |  117.96  159.65 1  45.7 |  116.67  159.00 1  43.3
 383.3 |  118.33  159.83 1  47.0 |  117.33  159.33 1  44.7
 400.0 |  118.67  160.00 1  48.0 |  117.67  159.50 1  45.0
 416.7 |  119.00  160.17 1  49.0 |  118.00  159.67 1  46.7
 433.3 |  119.00  160.17 1  49.3 |  118.33  159.83 1  46.7
 450.0 |  119.17  160.25 1  50.0 |  118.50  159.92 1  48.3
 466.7 |  119.48  160.41 1  50.3 |  118.83  160.08 1  48.0
 483.3 |  119.67  160.50 1  50.7 |  119.00  160.17 1  49.3
 500.0 |  119.67  160.50 1  50.7 |  119.15  160.24 1  49.7
 516.7 |  119.67  160.50 1  51.7 |  119.33  160.33 1  49.7
 533.3 |  119.67  160.50 1  51.7 |  119.50  160.42 1  49.7
 550.0 |  119.83  160.58 1  51.7 |  119.67  160.50 1  50.3
 566.7 |  120.00  160.67 1  51.7 |  119.67  160.50 1  51.0
 583.3 |  120.00  160.67 1  51.7 |  119.67  160.50 1  51.0
== dark-photo-reduce-motion split: ms from each app's event onset | native: left outer edge, left box cx, count, neck | flutter: same
   0.0 |  119.67  160.50 1  51.0 |  120.33  160.83 1  51.7
  16.7 |  116.33  158.83 1  45.0 |  100.00  150.67 2      
  33.3 |  113.67  156.58 1  36.7 |  118.67  160.00 1  50.3
  50.0 |  110.67  152.75 1  23.3 |  116.67  159.00 1  46.0
  66.7 |  107.64  148.91 2       |  114.33  157.83 1  40.7
  83.3 |  104.67  145.59 2       |  111.67  156.17 1  31.3
 100.0 |  101.67  142.42 2       |  109.00  152.50 1  14.0
 116.7 |   99.17  139.83 2       |  106.17  147.92 2      
 133.3 |   96.83  137.50 2       |  103.37  144.43 2      
 150.0 |   94.67  135.33 2       |  100.88  141.71 2      
 166.7 |   92.83  133.42 2       |   98.56  139.30 2      
 183.3 |   91.00  131.58 2       |   96.47  137.13 2      
 200.0 |   89.33  130.00 2       |   94.58  135.24 2      
 216.7 |   88.06  128.73 2       |   92.83  133.50 2      
 233.3 |   87.09  127.76 2       |   91.07  131.83 2      
 250.0 |   86.33  127.00 2       |   89.53  130.37 2      
 266.7 |   85.40  126.07 2       |   88.45  129.20 2      
 283.3 |   84.73  125.40 2       |   87.50  128.17 2      
 300.0 |   84.07  124.73 2       |   86.50  127.17 2      
 316.7 |   83.52  124.11 2       |   85.63  126.30 2      
 333.3 |   83.00  123.58 2       |   84.73  125.50 2      
 350.0 |   82.52  123.18 2       |   84.13  124.87 2      
 366.7 |   82.20  122.87 2       |   83.60  124.37 2      
 383.3 |   81.87  122.53 2       |   83.15  123.89 2      
 400.0 |   81.67  122.33 2       |   82.81  123.48 2      
 416.7 |   81.52  122.19 2       |   82.47  123.13 2      
 433.3 |   81.33  121.92 2       |   82.15  122.82 2      
 450.0 |   81.20  121.77 2       |   81.81  122.57 2      
 466.7 |   81.00  121.67 2       |   81.67  122.41 2      
 483.3 |   81.00  121.67 2       |   81.48  122.15 2      
 500.0 |   81.00  121.61 2       |   81.15  121.91 2      
 516.7 |   80.89  121.44 2       |   81.00  121.83 2      
 533.3 |   80.67  121.33 2       |   81.00  121.75 2      
 550.0 |   80.67  121.33 2       |   81.00  121.67 2      
 566.7 |   80.67  121.33 2       |   80.81  121.57 2      
 583.3 |   80.59  121.26 2       |   80.67  121.42 2      
== dark-stripes-reduce-motion merge: ms from each app's event onset | native: left outer edge, left box cx, count, neck | flutter: same
   0.0 |   80.00  121.00 2       |   80.00  121.17 2      
  16.7 |   82.11  123.11 2       |  102.12  142.67 2      
  33.3 |   84.45  125.45 2       |   81.41  122.41 2      
  50.0 |   87.33  128.33 2       |   83.50  124.42 2      
  66.7 |   90.67  131.57 2       |   85.83  126.75 2      
  83.3 |   93.80  134.63 2       |   88.50  129.50 2      
 100.0 |   96.80  137.63 2       |   91.33  132.33 2      
 116.7 |   99.60  140.43 2       |   94.00  135.08 2      
 133.3 |  101.94  142.86 2       |   96.67  137.83 2      
 150.0 |  104.17  145.33 2       |   99.17  140.25 2      
 166.7 |  106.33  148.00 2       |  101.50  142.58 2      
 183.3 |  108.17  150.67 2       |  103.67  145.00 2      
 200.0 |  109.76  153.59 2       |  105.67  147.50 2      
 216.7 |  111.20  155.77 1   9.3 |  107.50  150.25 2      
 233.3 |  112.50  156.42 1  20.7 |  109.00  153.33 2      
 250.0 |  113.46  156.90 1  27.3 |  110.18  155.26 1  10.7
 266.7 |  114.43  157.38 1  31.3 |  111.38  155.86 1  21.7
 283.3 |  115.40  157.87 1  34.7 |  112.75  156.54 1  28.7
 300.0 |  116.03  158.18 1  37.3 |  113.71  157.02 1  32.7
 316.7 |  116.64  158.49 1  39.3 |  114.67  157.50 1  36.7
 333.3 |  117.15  158.74 1  40.7 |  115.28  157.81 1  39.3
 350.0 |  117.50  158.92 1  42.0 |  115.92  158.12 1  40.7
 366.7 |  117.83  159.08 1  43.3 |  116.61  158.47 1  43.3
 383.3 |  118.14  159.24 1  44.0 |  117.11  158.72 1  44.7
 400.0 |  118.43  159.38 1  44.7 |  117.47  158.90 1  44.7
 416.7 |  118.78  159.56 1  45.3 |  117.80  159.07 1  46.7
 433.3 |  119.00  159.67 1  46.0 |  118.12  159.23 1  46.7
 450.0 |  119.11  159.72 1  46.7 |  118.44  159.39 1  48.3
 466.7 |  119.33  159.83 1  47.3 |  118.79  159.56 1  48.0
 483.3 |  119.33  159.83 1  47.3 |  119.00  159.67 1  49.3
 500.0 |  119.45  159.89 1  47.3 |  119.00  159.67 1  50.0
 516.7 |  119.67  160.00 1  47.7 |  119.11  159.72 1  49.3
 533.3 |  119.67  160.00 1  48.0 |  119.33  159.83 1  49.7
 550.0 |  119.67  160.00 1  48.0 |  119.33  159.83 1  50.3
 566.7 |  119.71  160.02 1  48.0 |  119.48  159.91 1  51.0
 583.3 |  120.00  160.17 1  48.0 |  119.67  160.00 1  51.3
== dark-stripes-reduce-motion split: ms from each app's event onset | native: left outer edge, left box cx, count, neck | flutter: same
   0.0 |  119.33  159.83 1  47.3 |  120.00  160.17 1  51.3
  16.7 |  115.67  158.00 1  41.3 |   97.88  149.11 1  71.3
  33.3 |  112.97  156.65 1  32.7 |  118.59  159.46 1  50.0
  50.0 |  110.00  153.69 1  17.7 |  116.67  158.50 1  46.0
  66.7 |  106.97  149.11 2       |  114.33  157.33 1  40.7
  83.3 |  104.13  145.43 2       |  111.50  155.92 1  31.3
 100.0 |  101.27  142.27 2       |  108.67  152.50 1  14.3
 116.7 |   98.82  139.76 2       |  106.00  148.00 2      
 133.3 |   96.55  137.44 2       |  103.33  144.67 2      
 150.0 |   94.11  135.11 2       |  100.94  142.03 2      
 166.7 |   92.17  133.08 2       |   98.73  139.73 2      
 183.3 |   90.50  131.42 2       |   96.53  137.53 2      
 200.0 |   89.00  130.00 2       |   94.45  135.52 2      
 216.7 |   87.88  128.80 2       |   92.50  133.58 2      
 233.3 |   86.93  127.83 2       |   91.06  132.06 2      
 250.0 |   85.93  126.87 2       |   89.80  130.80 2      
 266.7 |   85.11  125.94 2       |   88.47  129.47 2      
 283.3 |   84.50  125.33 2       |   87.27  128.27 2      
 300.0 |   83.73  124.57 2       |   86.22  127.22 2      
 316.7 |   83.09  123.98 2       |   85.36  126.36 2      
 333.3 |   82.58  123.58 2       |   84.78  125.78 2      
 350.0 |   82.26  123.26 2       |   84.14  125.14 2      
 366.7 |   81.89  122.89 2       |   83.36  124.36 2      
 383.3 |   81.67  122.59 2       |   82.88  123.94 2      
 400.0 |   81.50  122.33 2       |   82.54  123.65 2      
 416.7 |   81.19  122.10 2       |   82.17  123.25 2      
 433.3 |   81.00  121.94 2       |   81.87  122.97 2      
 450.0 |   80.83  121.75 2       |   81.57  122.62 2      
 466.7 |   80.67  121.67 2       |   81.33  122.42 2      
 483.3 |   80.67  121.60 2       |   81.17  122.17 2      
 500.0 |   80.67  121.50 2       |   81.00  122.00 2      
 516.7 |   80.53  121.43 2       |   80.87  121.94 2      
 533.3 |   80.33  121.33 2       |   80.67  121.83 2      
 550.0 |   80.33  121.33 2       |   80.67  121.76 2      
 566.7 |   80.33  121.28 2       |   80.53  121.53 2      
 583.3 |   80.33  121.17 2       |   80.33  121.33 2      
== light-photo-reduce-motion merge: ms from each app's event onset | native: left outer edge, left box cx, count, neck | flutter: same
   0.0 |   80.33  121.00 2       |   80.67  121.17 2      
  16.7 |   82.67  123.33 2       |   82.17  122.58 2      
  33.3 |   85.70  126.37 2       |   84.17  124.42 2      
  50.0 |   88.70  129.37 2       |   86.50  126.75 2      
  66.7 |   92.00  132.52 2       |   89.17  129.50 2      
  83.3 |   95.03  135.53 2       |   92.00  132.42 2      
 100.0 |   97.73  138.38 2       |   94.67  135.17 2      
 116.7 |  100.40  141.07 2       |   97.33  137.83 2      
 133.3 |  102.77  143.58 2       |   99.83  140.25 2      
 150.0 |  105.10  146.23 2       |  102.00  142.50 2      
 166.7 |  107.13  148.90 2       |  104.00  144.83 2      
 183.3 |  108.83  151.42 2       |  106.00  147.25 2      
 200.0 |  110.50  155.57 2       |  107.83  149.83 2      
 216.7 |  111.87  156.60 1  16.7 |  109.50  153.25 2      
 233.3 |  112.90  157.12 1  25.3 |  111.00  155.92 1   9.7
 250.0 |  113.90  157.62 1  31.3 |  112.17  156.75 1  21.7
 266.7 |  114.90  158.12 1  34.7 |  113.17  157.25 1  28.3
 283.3 |  115.60  158.47 1  38.3 |  114.17  157.75 1  33.0
 300.0 |  116.27  158.80 1  40.7 |  115.00  158.17 1  36.3
 316.7 |  116.88  159.11 1  42.7 |  115.67  158.50 1  39.0
 333.3 |  117.41  159.37 1  44.3 |  116.33  158.83 1  41.0
 350.0 |  117.94  159.64 1  45.3 |  116.82  159.08 1  43.0
 366.7 |  118.30  159.82 1  46.3 |  117.30  159.31 1  44.3
 383.3 |  118.63  159.98 1  47.0 |  117.83  159.58 1  45.3
 400.0 |  118.92  160.12 1  48.0 |  118.17  159.75 1  46.3
 416.7 |  119.00  160.17 1  48.3 |  118.50  159.92 1  47.3
 433.3 |  119.00  160.17 1  49.3 |  118.83  160.08 1  48.0
 450.0 |  119.26  160.30 1  49.7 |  119.00  160.17 1  48.3
 466.7 |  119.58  160.46 1  50.0 |  119.17  160.25 1  49.3
 483.3 |  119.67  160.50 1  49.7 |  119.50  160.42 1  49.7
 500.0 |  119.67  160.50 1  50.3 |  119.67  160.50 1  49.7
 516.7 |  119.67  160.50 1  50.3 |  119.67  160.50 1  50.3
 533.3 |  119.67  160.50 1  50.3 |  119.67  160.50 1  50.3
 550.0 |  119.93  160.63 1  51.0 |  119.67  160.50 1  50.7
 566.7 |  120.00  160.67 1  51.0 |  119.80  160.57 1  51.0
 583.3 |  120.00  160.67 1  51.0 |  120.00  160.67 1  51.0
== light-photo-reduce-motion split: ms from each app's event onset | native: left outer edge, left box cx, count, neck | flutter: same
   0.0 |  120.33  160.83 1  51.7 |  120.33  160.83 1  51.7
  16.7 |  118.37  159.85 1  50.3 |  100.17  150.75 1  51.3
  33.3 |  115.53  158.43 1  44.3 |  118.83  160.08 1  50.7
  50.0 |  112.73  157.03 1  36.7 |  116.83  159.08 1  46.7
  66.7 |  109.67  153.10 1  22.7 |  114.33  157.83 1  40.3
  83.3 |  106.33  147.94 2       |  111.67  156.50 1  31.0
 100.0 |  103.42  144.38 2       |  109.00  152.75 1  13.7
 116.7 |  100.73  141.57 2       |  106.33  147.83 2      
 133.3 |   98.47  139.10 2       |  103.67  144.50 2      
 150.0 |   96.50  137.08 2       |  101.17  141.75 2      
 166.7 |   94.19  134.76 2       |   99.00  139.50 2      
 183.3 |   92.36  132.86 2       |   97.00  137.42 2      
 200.0 |   90.63  131.23 2       |   95.00  135.42 2      
 216.7 |   89.07  129.73 2       |   93.17  133.58 2      
 233.3 |   88.67  129.33 2       |   91.67  132.00 2      
 250.0 |   87.83  128.50 2       |   90.33  130.67 2      
 266.7 |   86.91  127.58 2       |   89.00  129.33 2      
 283.3 |   86.07  126.63 2       |   87.83  128.25 2      
 300.0 |   85.00  125.61 2       |   86.83  127.25 2      
 316.7 |   84.20  124.87 2       |   86.00  126.33 2      
 333.3 |   83.77  124.43 2       |   85.33  125.67 2      
 350.0 |   83.24  123.91 2       |   84.67  125.00 2      
 366.7 |   82.83  123.50 2       |   84.17  124.50 2      
 383.3 |   82.50  123.17 2       |   83.67  124.08 2      
 400.0 |   82.17  122.83 2       |   83.17  123.58 2      
 416.7 |   81.85  122.52 2       |   82.83  123.25 2      
 433.3 |   81.67  122.25 2       |   82.50  122.92 2      
 450.0 |   81.50  122.08 2       |   82.17  122.58 2      
 466.7 |   81.33  121.91 2       |   82.00  122.42 2      
 483.3 |   81.17  121.75 2       |   81.83  122.17 2      
 500.0 |   81.00  121.67 2       |   81.67  122.00 2      
 516.7 |   81.00  121.67 2       |   81.50  121.92 2      
 533.3 |   81.00  121.57 2       |   81.33  121.83 2      
 550.0 |   80.86  121.43 2       |   81.33  121.77 2      
 566.7 |   80.67  121.33 2       |   81.33  121.62 2      
 583.3 |   80.67  121.33 2       |   81.17  121.42 2      
== light-stripes-reduce-motion merge: ms from each app's event onset | native: left outer edge, left box cx, count, neck | flutter: same
   0.0 |   80.00  121.00 2       |   80.33  121.17 2      
  16.7 |   81.78  122.69 2       |  100.67  141.08 2      
  33.3 |   84.44  125.28 2       |   81.67  122.58 2      
  50.0 |   87.24  128.08 2       |   83.50  124.42 2      
  66.7 |   90.13  130.97 2       |   86.00  126.83 2      
  83.3 |   93.13  133.97 2       |   88.67  129.50 2      
 100.0 |   96.13  136.97 2       |   91.50  132.33 2      
 116.7 |   98.93  139.77 2       |   94.33  135.17 2      
 133.3 |  101.80  142.73 2       |   97.00  137.83 2      
 150.0 |  104.40  145.60 2       |   99.50  140.33 2      
 166.7 |  106.67  148.44 2       |  101.83  142.75 2      
 183.3 |  108.50  151.55 2       |  104.00  145.17 2      
 200.0 |  110.06  154.41 2       |  106.00  147.58 2      
 216.7 |  111.47  155.90 1  16.7 |  107.67  150.08 2      
 233.3 |  112.00  156.17 1  25.3 |  109.26  153.46 2      
 250.0 |  112.64  156.49 1  25.3 |  110.73  155.53 1  10.0
 266.7 |  113.60  156.97 1  31.3 |  111.83  156.08 1  21.3
 283.3 |  114.40  157.37 1  34.7 |  113.00  156.67 1  28.3
 300.0 |  115.27  157.80 1  38.0 |  114.00  157.17 1  33.0
 316.7 |  116.07  158.20 1  40.0 |  114.83  157.58 1  36.3
 333.3 |  116.78  158.56 1  42.3 |  115.67  158.00 1  38.7
 350.0 |  117.23  158.78 1  44.0 |  116.17  158.25 1  41.0
 366.7 |  117.54  158.94 1  45.3 |  116.67  158.50 1  43.0
 383.3 |  117.87  159.10 1  46.3 |  117.33  158.83 1  44.3
 400.0 |  118.17  159.25 1  47.3 |  117.67  159.00 1  45.3
 416.7 |  118.52  159.43 1  48.0 |  118.00  159.17 1  46.0
 433.3 |  118.90  159.62 1  48.7 |  118.33  159.33 1  46.7
 450.0 |  119.00  159.67 1  49.0 |  118.48  159.41 1  48.0
 466.7 |  119.21  159.77 1  49.3 |  118.78  159.56 1  48.0
 483.3 |  119.33  159.83 1  49.3 |  119.00  159.67 1  48.7
 500.0 |  119.52  159.92 1  50.0 |  119.17  159.75 1  48.7
 516.7 |  119.67  160.00 1  50.0 |  119.33  159.83 1  49.3
 533.3 |  119.67  160.00 1  50.7 |  119.45  159.89 1  49.3
 550.0 |  119.67  160.00 1  50.3 |  119.67  160.00 1  50.0
 566.7 |  119.87  160.10 1  50.7 |  119.67  160.00 1  50.0
 583.3 |  120.00  160.17 1  50.7 |  119.67  160.00 1  50.0
== light-stripes-reduce-motion split: ms from each app's event onset | native: left outer edge, left box cx, count, neck | flutter: same
   0.0 |  120.00  160.17 1  51.3 |  120.33  160.33 1  51.3
  16.7 |  118.29  159.31 1  50.3 |  100.00  150.17 1  50.7
  33.3 |  115.97  158.15 1  46.0 |  118.83  159.58 1  50.0
  50.0 |  113.00  156.67 1  38.7 |  116.83  158.58 1  46.0
  66.7 |  109.90  153.60 1  26.7 |  114.33  157.33 1  40.7
  83.3 |  107.09  149.32 2       |  111.67  156.00 1  31.3
 100.0 |  104.20  145.40 2       |  109.00  152.58 1  14.0
 116.7 |  101.40  142.30 2       |  106.17  147.92 2      
 133.3 |   98.73  139.57 2       |  103.50  144.58 2      
 150.0 |   96.11  137.06 2       |  101.00  141.83 2      
 166.7 |   93.93  134.82 2       |   98.67  139.50 2      
 183.3 |   91.93  132.77 2       |   96.50  137.33 2      
 200.0 |   90.27  131.11 2       |   94.50  135.33 2      
 216.7 |   88.78  129.61 2       |   92.91  133.74 2      
 233.3 |   87.63  128.47 2       |   91.26  132.09 2      
 250.0 |   86.70  127.53 2       |   89.73  130.56 2      
 266.7 |   85.73  126.67 2       |   88.56  129.39 2      
 283.3 |   84.93  125.83 2       |   87.55  128.38 2      
 300.0 |   84.27  125.10 2       |   86.56  127.39 2      
 316.7 |   83.60  124.43 2       |   85.55  126.45 2      
 333.3 |   83.13  123.97 2       |   84.70  125.70 2      
 350.0 |   82.80  123.63 2       |   84.06  125.06 2      
 366.7 |   82.27  123.20 2       |   83.54  124.48 2      
 383.3 |   82.00  122.90 2       |   83.17  124.00 2      
 400.0 |   81.82  122.65 2       |   82.70  123.61 2      
 416.7 |   81.48  122.31 2       |   82.20  123.20 2      
 433.3 |   81.15  122.08 2       |   81.85  122.85 2      
 450.0 |   81.00  121.91 2       |   81.67  122.59 2      
 466.7 |   81.00  121.83 2       |   81.53  122.37 2      
 483.3 |   80.80  121.63 2       |   81.33  122.17 2      
 500.0 |   80.67  121.50 2       |   81.19  122.02 2      
 516.7 |   80.67  121.50 2       |   81.00  121.83 2      
 533.3 |   80.67  121.50 2       |   81.00  121.83 2      
 550.0 |   80.47  121.40 2       |   80.85  121.68 2      
 566.7 |   80.33  121.23 2       |   80.67  121.50 2      
 583.3 |   80.33  121.17 2       |   80.67  121.50 2      
