touches [(16.275, 16.291667), (19.236667, 19.291667)]
pair time count neck gap
15.900 2.0 nan 10.67
16.275 2.0 nan 10.67
16.292 2.0 nan 10.67
16.323 2.0 nan 10.67
16.340 2.0 nan 10.67
16.357 2.0 nan 10.67
16.373 2.0 nan 10.00
16.390 2.0 nan 8.67
16.408 2.0 nan 6.00
16.427 1.0 5.33 nan
16.443 1.0 12.67 nan
16.458 1.0 17.33 nan
16.473 1.0 21.33 nan
16.490 1.0 24.00 nan
16.507 1.0 25.33 nan
16.525 1.0 27.33 nan
16.540 1.0 28.67 nan
16.557 1.0 28.67 nan
16.575 1.0 30.00 nan
16.590 1.0 30.67 nan
16.607 1.0 31.33 nan
16.628 1.0 32.00 nan
16.640 1.0 32.67 nan
16.657 1.0 33.00 nan
16.673 1.0 33.33 nan
16.692 1.0 33.67 nan
16.707 1.0 34.00 nan
16.723 1.0 34.00 nan
16.740 1.0 34.33 nan
16.758 1.0 34.67 nan
16.773 1.0 34.67 nan
16.790 1.0 34.67 nan
16.807 1.0 34.67 nan
16.823 1.0 35.00 nan
16.842 1.0 35.00 nan
16.857 1.0 35.33 nan
16.873 1.0 35.33 nan
16.890 1.0 35.33 nan
16.908 1.0 35.33 nan
16.923 1.0 35.33 nan
16.942 1.0 35.33 nan
16.957 1.0 35.33 nan
16.975 1.0 35.33 nan
16.990 1.0 35.33 nan
17.007 1.0 35.33 nan
17.025 1.0 35.33 nan
17.040 1.0 35.33 nan
17.057 1.0 35.33 nan
17.073 1.0 35.33 nan
17.090 1.0 35.33 nan
17.108 1.0 35.33 nan
17.123 1.0 35.33 nan
17.140 1.0 35.33 nan
17.157 1.0 35.33 nan
17.173 1.0 35.33 nan
17.190 1.0 35.33 nan
17.207 1.0 35.33 nan
17.223 1.0 35.33 nan
17.240 1.0 35.33 nan
17.257 1.0 35.33 nan
17.275 1.0 35.33 nan
17.292 1.0 35.33 nan
17.307 1.0 35.33 nan
17.327 1.0 35.33 nan
17.342 1.0 35.33 nan
17.357 1.0 35.33 nan
17.375 1.0 35.33 nan
17.392 1.0 35.33 nan
17.407 1.0 35.33 nan
17.423 1.0 35.33 nan
17.442 1.0 35.33 nan
17.457 1.0 35.33 nan
17.473 1.0 35.33 nan
17.492 1.0 35.33 nan
19.237 1.0 35.33 nan
19.292 1.0 35.33 nan
19.343 1.0 33.33 nan
19.358 1.0 31.33 nan
19.375 1.0 28.67 nan
19.390 1.0 26.00 nan
19.407 1.0 22.00 nan
19.423 1.0 18.00 nan
19.442 1.0 13.00 nan
19.457 1.0 4.00 nan
19.473 2.0 nan 5.33
19.490 2.0 nan 7.33
19.507 2.0 nan 8.67
19.525 2.0 nan 9.33
19.543 2.0 nan 10.00
19.557 2.0 nan 10.00
19.573 2.0 nan 10.00
19.590 2.0 nan 10.67
19.607 2.0 nan 10.67
19.623 2.0 nan 10.67
19.640 2.0 nan 10.67
19.657 2.0 nan 10.67
19.673 2.0 nan 10.67
19.690 2.0 nan 10.67
19.708 2.0 nan 10.67
19.727 2.0 nan 10.67
19.740 2.0 nan 10.67
19.758 2.0 nan 10.67
19.775 2.0 nan 10.67
19.782 2.0 nan 10.67
19.793 2.0 nan 10.67
19.813 2.0 nan 10.67
19.823 2.0 nan 10.67
19.840 2.0 nan 10.67
19.857 2.0 nan 10.67
19.873 2.0 nan 10.67
19.890 2.0 nan 10.67
19.907 2.0 nan 10.67
19.927 2.0 nan 10.67
19.940 2.0 nan 10.67
19.958 2.0 nan 10.67
19.975 2.0 nan 10.67
19.990 2.0 nan 10.67
20.007 2.0 nan 10.67
20.023 2.0 nan 10.67
20.040 2.0 nan 10.67
20.057 2.0 nan 10.67
20.077 2.0 nan 10.67
20.095 2.0 nan 10.67
20.107 2.0 nan 10.67
20.123 2.0 nan 10.67
20.142 2.0 nan 10.67
20.158 2.0 nan 10.67
20.175 2.0 nan 10.67
20.192 2.0 nan 10.67
20.207 2.0 nan 10.67
20.223 2.0 nan 10.67
20.242 2.0 nan 10.67
20.258 2.0 nan 10.67
20.275 2.0 nan 10.67
20.297 2.0 nan 10.67
20.307 2.0 nan 10.67
20.322 2.0 nan 10.67
20.340 2.0 nan 10.67
20.355 2.0 nan 10.67
20.373 2.0 nan 10.67
20.392 2.0 nan 10.67
20.407 2.0 nan 10.67
20.425 2.0 nan 10.67
20.438 2.0 nan 10.67
20.458 2.0 nan 10.67
20.473 2.0 nan 10.67
20.490 2.0 nan 10.67
