touches [(15.176667, 15.19), (18.26, 18.276667)]
pair time count neck gap
14.800 2.0 nan 10.67
15.092 2.0 nan 10.67
15.142 2.0 nan 10.67
15.177 2.0 nan 10.67
15.190 2.0 nan 10.67
15.207 2.0 nan 10.67
15.223 2.0 nan 10.67
15.240 2.0 nan 10.67
15.258 2.0 nan 10.00
15.275 2.0 nan 8.67
15.290 2.0 nan 6.67
15.308 2.0 nan 7.67
15.325 2.0 nan 3.00
15.338 1.0 12.00 nan
15.358 1.0 17.33 nan
15.373 1.0 20.00 nan
15.392 1.0 21.67 nan
15.407 1.0 24.00 nan
15.423 1.0 26.00 nan
15.443 1.0 26.00 nan
15.460 1.0 27.00 nan
15.475 1.0 28.00 nan
15.492 1.0 29.00 nan
15.507 1.0 29.00 nan
15.525 1.0 30.00 nan
15.542 1.0 30.33 nan
15.555 1.0 31.00 nan
15.572 1.0 31.33 nan
15.590 1.0 31.33 nan
15.608 1.0 32.00 nan
15.625 1.0 32.00 nan
15.642 1.0 32.33 nan
15.655 1.0 32.33 nan
15.675 1.0 32.67 nan
15.688 1.0 32.67 nan
15.708 1.0 32.67 nan
15.722 1.0 32.67 nan
15.740 1.0 32.67 nan
15.762 1.0 33.00 nan
15.773 1.0 33.00 nan
15.790 1.0 33.00 nan
15.805 1.0 33.00 nan
15.825 1.0 33.00 nan
15.843 1.0 33.33 nan
15.857 1.0 33.33 nan
15.873 1.0 33.33 nan
15.890 1.0 33.33 nan
15.910 1.0 33.33 nan
15.923 1.0 33.33 nan
15.940 1.0 33.33 nan
15.958 1.0 33.33 nan
15.978 1.0 33.33 nan
15.990 1.0 33.33 nan
16.005 1.0 33.33 nan
16.023 1.0 33.33 nan
16.042 1.0 33.33 nan
16.062 1.0 33.33 nan
16.077 1.0 33.33 nan
16.092 1.0 33.33 nan
16.113 1.0 33.33 nan
16.127 1.0 33.33 nan
16.142 1.0 33.33 nan
16.158 1.0 33.33 nan
16.173 1.0 33.33 nan
16.190 1.0 33.33 nan
16.210 1.0 33.33 nan
16.223 1.0 33.33 nan
16.238 1.0 33.33 nan
16.262 1.0 33.33 nan
16.273 1.0 33.33 nan
16.292 1.0 33.33 nan
16.312 1.0 33.33 nan
16.325 1.0 33.33 nan
16.340 1.0 33.33 nan
18.153 1.0 33.33 nan
18.205 1.0 33.33 nan
18.260 1.0 33.33 nan
18.277 1.0 33.33 nan
18.288 1.0 31.33 nan
18.307 1.0 29.00 nan
18.325 1.0 26.00 nan
18.340 1.0 22.67 nan
18.357 1.0 18.33 nan
18.375 1.0 12.00 nan
18.388 1.0 2.00 nan
18.405 2.0 nan 7.67
18.425 2.0 nan 6.67
18.440 2.0 nan 8.00
18.457 2.0 nan 8.67
18.472 2.0 nan 9.67
18.490 2.0 nan 10.00
18.507 2.0 nan 10.00
18.523 2.0 nan 10.00
18.543 2.0 nan 10.67
18.555 2.0 nan 10.67
18.573 2.0 nan 10.67
18.588 2.0 nan 10.67
18.607 2.0 nan 10.67
18.623 2.0 nan 10.67
18.640 2.0 nan 10.67
18.657 2.0 nan 10.67
18.672 2.0 nan 10.67
18.690 2.0 nan 10.67
18.707 2.0 nan 10.67
18.725 2.0 nan 10.67
18.740 2.0 nan 10.67
18.757 2.0 nan 10.67
18.772 2.0 nan 10.67
18.790 2.0 nan 10.67
18.807 2.0 nan 10.67
18.822 2.0 nan 10.67
18.840 2.0 nan 10.67
18.860 2.0 nan 10.67
18.873 2.0 nan 10.67
18.890 2.0 nan 10.67
18.907 2.0 nan 10.67
18.922 2.0 nan 10.67
18.940 2.0 nan 10.67
18.958 2.0 nan 10.67
18.973 2.0 nan 10.67
18.993 2.0 nan 10.67
19.007 2.0 nan 10.67
19.023 2.0 nan 10.67
19.042 2.0 nan 10.67
19.062 2.0 nan 10.67
19.072 2.0 nan 10.67
19.090 2.0 nan 10.67
19.107 2.0 nan 10.67
19.123 2.0 nan 10.67
19.140 2.0 nan 10.67
19.155 2.0 nan 10.67
19.172 2.0 nan 10.67
19.188 2.0 nan 10.67
19.207 2.0 nan 10.67
19.223 2.0 nan 10.67
19.240 2.0 nan 10.67
19.255 2.0 nan 10.67
19.272 2.0 nan 10.67
19.288 2.0 nan 10.67
19.305 2.0 nan 10.67
19.323 2.0 nan 10.67
19.340 2.0 nan 10.67
19.355 2.0 nan 10.67
19.375 2.0 nan 10.67
19.388 2.0 nan 10.67
19.405 2.0 nan 10.67
22.078 2.0 nan 10.67
22.082 2.0 nan 10.67
