touches [(17.356667, 17.395), (20.841667, 20.903333)]
pair time count neck gap
16.950 2.0 nan 10.67
17.357 2.0 nan 10.67
17.395 2.0 nan 10.67
17.412 2.0 nan 10.67
17.427 2.0 nan 10.67
17.447 2.0 nan 10.67
17.460 2.0 nan 10.00
17.477 2.0 nan 9.33
17.493 2.0 nan 7.33
17.510 2.0 nan 4.67
17.528 1.0 8.00 nan
17.547 1.0 14.00 nan
17.562 1.0 18.33 nan
17.585 1.0 20.67 nan
17.593 1.0 23.00 nan
17.610 1.0 25.67 nan
17.627 1.0 26.33 nan
17.648 1.0 27.33 nan
17.660 1.0 29.67 nan
17.678 1.0 29.33 nan
17.695 1.0 30.33 nan
17.713 1.0 32.00 nan
17.730 1.0 32.33 nan
17.745 1.0 33.00 nan
17.760 1.0 32.33 nan
17.782 1.0 33.00 nan
17.798 1.0 33.33 nan
17.810 1.0 33.33 nan
17.827 1.0 34.33 nan
17.843 1.0 34.67 nan
17.863 1.0 34.67 nan
17.880 1.0 35.00 nan
17.900 1.0 35.00 nan
17.910 1.0 35.00 nan
17.927 1.0 35.33 nan
17.943 1.0 35.33 nan
17.965 1.0 35.33 nan
17.978 1.0 35.33 nan
17.997 1.0 35.67 nan
18.012 1.0 35.33 nan
18.027 1.0 35.67 nan
18.043 1.0 34.67 nan
18.063 1.0 34.67 nan
18.077 1.0 34.67 nan
18.095 1.0 34.67 nan
18.113 1.0 34.67 nan
18.130 1.0 34.67 nan
18.148 1.0 34.67 nan
18.162 1.0 34.67 nan
18.180 1.0 34.67 nan
18.197 1.0 34.67 nan
18.213 1.0 34.67 nan
18.227 1.0 34.67 nan
18.248 1.0 34.67 nan
18.260 1.0 35.00 nan
18.278 1.0 35.00 nan
18.300 1.0 35.00 nan
18.310 1.0 35.00 nan
18.328 1.0 35.00 nan
18.345 1.0 35.00 nan
18.363 1.0 35.00 nan
18.385 1.0 35.00 nan
18.397 1.0 35.00 nan
18.410 1.0 35.00 nan
18.427 1.0 35.00 nan
18.447 1.0 35.00 nan
18.460 1.0 35.00 nan
18.477 1.0 35.00 nan
18.497 1.0 35.00 nan
18.512 1.0 35.00 nan
18.528 1.0 35.00 nan
18.543 1.0 35.00 nan
18.565 1.0 34.67 nan
18.578 1.0 34.67 nan
18.593 1.0 34.67 nan
18.610 1.0 34.67 nan
18.633 1.0 34.67 nan
18.643 1.0 34.67 nan
18.660 1.0 34.67 nan
18.677 1.0 34.67 nan
18.698 1.0 34.67 nan
18.710 1.0 34.67 nan
18.728 1.0 34.67 nan
18.745 1.0 34.67 nan
18.760 1.0 34.67 nan
20.842 1.0 34.67 nan
20.903 1.0 34.67 nan
20.962 1.0 35.33 nan
20.983 1.0 33.33 nan
20.995 1.0 23.33 nan
21.012 1.0 21.00 nan
21.030 1.0 17.00 nan
21.058 1.0 12.33 nan
21.080 1.0 6.00 nan
21.097 2.0 nan 4.67
21.112 2.0 nan 6.67
21.130 2.0 nan 9.33
21.147 2.0 nan 9.33
21.178 2.0 nan 10.00
21.197 2.0 nan 10.67
21.228 2.0 nan 10.67
21.247 2.0 nan 10.67
21.265 2.0 nan 10.67
21.283 2.0 nan 10.67
21.297 2.0 nan 10.67
21.313 2.0 nan 10.67
21.337 2.0 nan 10.67
21.347 2.0 nan 10.67
21.378 2.0 nan 10.67
21.393 2.0 nan 10.67
21.438 2.0 nan 10.67
21.505 2.0 nan 10.67
21.515 2.0 nan 10.67
21.545 2.0 nan 10.67
21.585 2.0 nan 10.67
21.597 2.0 nan 10.67
21.613 2.0 nan 10.67
21.632 2.0 nan 10.67
21.647 2.0 nan 10.67
21.693 2.0 nan 10.67
21.702 2.0 nan 10.67
21.730 2.0 nan 10.67
21.763 2.0 nan 10.67
21.780 2.0 nan 10.67
21.795 2.0 nan 10.67
21.833 2.0 nan 10.67
21.887 2.0 nan 10.67
21.917 2.0 nan 10.67
21.928 2.0 nan 10.67
21.947 2.0 nan 10.67
21.998 2.0 nan 10.67
22.015 2.0 nan 10.67
22.032 2.0 nan 10.67
22.055 2.0 nan 10.67
22.142 2.0 nan 10.67
22.162 2.0 nan 10.67
22.183 2.0 nan 10.67
22.212 2.0 nan 10.67
22.245 2.0 nan 10.67
22.260 2.0 nan 10.67
