touches [(17.836667, 17.845), (20.768333, 20.823333)]
pair time count neck gap
17.450 2.0 nan 10.67
17.837 2.0 nan 10.67
17.845 2.0 nan 10.67
17.862 2.0 nan 10.67
17.875 2.0 nan 10.67
17.890 2.0 nan 10.67
17.908 2.0 nan 10.67
17.925 2.0 nan 9.33
17.942 2.0 nan 8.00
17.958 2.0 nan 5.33
17.973 1.0 6.67 nan
17.992 1.0 13.33 nan
18.008 1.0 17.67 nan
18.025 1.0 20.67 nan
18.042 1.0 23.33 nan
18.057 1.0 25.00 nan
18.073 1.0 27.00 nan
18.090 1.0 27.67 nan
18.108 1.0 29.33 nan
18.125 1.0 30.00 nan
18.142 1.0 30.67 nan
18.158 1.0 31.67 nan
18.175 1.0 32.33 nan
18.192 1.0 32.67 nan
18.208 1.0 33.00 nan
18.227 1.0 33.33 nan
18.242 1.0 33.67 nan
18.258 1.0 34.00 nan
18.275 1.0 34.33 nan
18.292 1.0 34.33 nan
18.310 1.0 34.67 nan
18.327 1.0 34.67 nan
18.342 1.0 35.00 nan
18.358 1.0 35.00 nan
18.375 1.0 35.00 nan
18.393 1.0 35.00 nan
18.410 1.0 35.00 nan
18.425 1.0 35.00 nan
18.442 1.0 35.33 nan
18.458 1.0 35.33 nan
18.475 1.0 35.33 nan
18.493 1.0 35.33 nan
18.508 1.0 35.33 nan
18.525 1.0 35.33 nan
18.543 1.0 35.33 nan
18.558 1.0 35.33 nan
18.575 1.0 35.33 nan
18.595 1.0 35.33 nan
18.608 1.0 35.33 nan
18.628 1.0 35.33 nan
18.643 1.0 35.33 nan
18.660 1.0 35.67 nan
18.675 1.0 35.00 nan
18.693 1.0 35.00 nan
18.708 1.0 35.00 nan
18.728 1.0 35.33 nan
18.742 1.0 35.33 nan
18.758 1.0 35.00 nan
18.777 1.0 35.00 nan
18.792 1.0 35.00 nan
18.810 1.0 35.00 nan
18.825 1.0 35.00 nan
18.843 1.0 35.00 nan
18.860 1.0 35.00 nan
18.878 1.0 35.00 nan
18.893 1.0 35.00 nan
18.912 1.0 35.00 nan
18.925 1.0 35.00 nan
18.943 1.0 35.00 nan
18.958 1.0 35.00 nan
18.978 1.0 35.00 nan
18.993 1.0 35.00 nan
19.010 1.0 35.00 nan
19.028 1.0 35.00 nan
19.042 1.0 35.00 nan
19.058 1.0 35.00 nan
19.077 1.0 35.00 nan
19.092 1.0 35.00 nan
19.112 1.0 35.00 nan
19.125 1.0 35.00 nan
19.142 1.0 35.00 nan
19.158 1.0 35.00 nan
19.175 1.0 35.00 nan
19.195 1.0 35.00 nan
19.210 1.0 35.33 nan
20.768 1.0 35.33 nan
20.823 1.0 35.33 nan
20.842 1.0 35.00 nan
20.858 1.0 33.67 nan
20.873 1.0 32.00 nan
20.893 1.0 30.00 nan
20.907 1.0 27.00 nan
20.928 1.0 23.67 nan
20.947 1.0 20.33 nan
20.957 1.0 16.67 nan
20.975 1.0 11.67 nan
20.992 1.0 4.00 nan
21.010 2.0 nan 5.33
21.032 2.0 nan 7.33
21.040 2.0 nan 8.67
21.057 2.0 nan 9.33
21.073 2.0 nan 10.00
21.093 2.0 nan 10.00
21.107 2.0 nan 10.67
21.125 2.0 nan 10.67
21.145 2.0 nan 10.67
21.157 2.0 nan 10.67
21.178 2.0 nan 10.67
21.192 2.0 nan 10.67
21.208 2.0 nan 10.67
21.223 2.0 nan 10.67
21.243 2.0 nan 10.67
21.258 2.0 nan 10.67
21.278 2.0 nan 10.67
21.292 2.0 nan 10.67
21.310 2.0 nan 10.67
21.328 2.0 nan 10.67
21.343 2.0 nan 10.67
21.357 2.0 nan 10.67
21.377 2.0 nan 10.67
21.393 2.0 nan 10.67
21.407 2.0 nan 10.67
21.423 2.0 nan 10.67
21.440 2.0 nan 10.67
21.460 2.0 nan 10.67
21.475 2.0 nan 10.67
21.492 2.0 nan 10.67
21.508 2.0 nan 10.67
21.523 2.0 nan 10.67
21.543 2.0 nan 10.67
21.558 2.0 nan 10.67
21.575 2.0 nan 10.67
21.592 2.0 nan 10.67
21.610 2.0 nan 10.67
21.627 2.0 nan 10.67
21.643 2.0 nan 10.67
21.657 2.0 nan 10.67
21.678 2.0 nan 10.67
21.690 2.0 nan 10.67
21.712 2.0 nan 10.67
21.723 2.0 nan 10.67
21.742 2.0 nan 10.67
21.762 2.0 nan 10.67
21.773 2.0 nan 10.67
21.790 2.0 nan 10.67
21.810 2.0 nan 10.67
21.830 2.0 nan 10.67
21.842 2.0 nan 10.67
21.857 2.0 nan 10.67
21.873 2.0 nan 10.67
21.893 2.0 nan 10.67
21.908 2.0 nan 10.67
21.927 2.0 nan 10.67
21.945 2.0 nan 10.67
21.958 2.0 nan 10.67
21.975 2.0 nan 10.67
21.992 2.0 nan 10.67
22.008 2.0 nan 10.67
22.027 2.0 nan 10.67
22.042 2.0 nan 10.67
22.058 2.0 nan 10.67
22.078 2.0 nan 10.67
22.092 2.0 nan 10.67
22.110 2.0 nan 10.67
22.125 2.0 nan 10.67
22.142 2.0 nan 10.67
22.160 2.0 nan 10.67
22.177 2.0 nan 10.67
22.193 2.0 nan 10.67
